1 KEY_A 0;0 0;0
344 NONE 32767;0 0;0
345 NONE 0;32767 0;0
346 NONE -32767;0 0;0
347 NONE 0;-32767 0;0
348 NONE 32767;0 0;0
349 NONE 0;32767 0;0
350 NONE -32767;0 0;0
351 NONE 0;-32767 0;0
352 NONE 32767;0 0;0
353 NONE 0;32767 0;0
354 NONE -32767;0 0;0
355 NONE 0;-32767 0;0
356 NONE 32767;0 0;0
357 NONE 0;32767 0;0
358 NONE -32767;0 0;0
359 NONE 0;-32767 0;0
360 NONE 32767;0 0;0
361 NONE 0;32767 0;0
362 NONE -32767;0 0;0
363 NONE 0;-32767 0;0
364 NONE 32767;0 0;0
365 NONE 0;32767 0;0
366 NONE -32767;0 0;0
367 NONE 0;-32767 0;0
368 NONE 32767;0 0;0
369 NONE 0;32767 0;0
370 NONE -32767;0 0;0
371 NONE 0;-32767 0;0
372 NONE 32767;0 0;0
373 NONE 0;32767 0;0
374 NONE -32767;0 0;0
375 NONE 0;-32767 0;0
376 NONE 32767;0 0;0
377 NONE 0;32767 0;0
378 NONE -32767;0 0;0
379 NONE 0;-32767 0;0
380 NONE 32767;0 0;0
381 NONE 0;32767 0;0
382 NONE -32767;0 0;0
383 NONE 0;-32767 0;0
384 NONE 32767;0 0;0
385 NONE 0;32767 0;0
386 NONE -32767;0 0;0
387 NONE 0;-32767 0;0
388 NONE 32767;0 0;0
389 NONE 0;32767 0;0
390 NONE -32767;0 0;0
391 NONE 0;-32767 0;0
392 NONE 32767;0 0;0
393 NONE 0;32767 0;0
394 NONE 2285;32687 0;0
395 KEY_A 2285;32687 0;0
396 KEY_ZL 2285;32687 0;0
397 KEY_ZL 2285;32687 0;0
398 KEY_ZL 2285;32687 0;0
399 KEY_ZL 2285;32687 0;0
400 KEY_ZL 2281;32629 0;0
401 KEY_ZL 0;0 0;0
402 KEY_ZL 0;0 0;0
403 KEY_ZL;KEY_Y 0;0 0;0
404 KEY_ZL 0;0 0;0
405 KEY_ZL 0;0 0;0
406 KEY_ZL 0;0 0;0
407 KEY_ZL 0;0 0;0
408 KEY_ZL 0;0 0;0
409 KEY_ZL 0;0 0;0
410 KEY_ZL 0;0 0;0
411 KEY_ZL 0;0 0;0
412 KEY_ZL 0;0 0;0
413 KEY_ZL 0;0 0;0
414 KEY_ZL;KEY_R 0;0 0;0
415 KEY_ZL 0;0 0;0
416 KEY_ZL 0;0 0;0
417 KEY_ZL 0;0 0;0
418 KEY_ZL 0;0 0;0
419 KEY_ZL 0;0 0;0
420 KEY_ZL 0;0 0;0
421 KEY_ZL 0;0 0;0
422 KEY_ZL 0;0 0;0
423 KEY_ZL 0;0 0;0
424 KEY_ZL 0;0 0;0
425 KEY_ZL 0;0 0;0
426 KEY_ZL 0;0 0;0
427 KEY_ZL 0;0 0;0
428 KEY_ZL 0;0 0;0
429 KEY_ZL 0;0 0;0
430 KEY_ZL 0;0 0;0
431 KEY_ZL 0;0 0;0
432 KEY_ZL 0;0 0;0
433 KEY_ZL 0;0 0;0
434 KEY_ZL 0;0 0;0
435 KEY_ZL;KEY_L 0;0 0;0
442 NONE 32767;0 0;0
443 NONE 0;32767 0;0
444 NONE -32767;0 0;0
445 NONE 0;-32767 0;0
446 NONE 32767;0 0;0
447 NONE 0;32767 0;0
448 NONE -32767;0 0;0
449 NONE 0;-32767 0;0
450 NONE 32767;0 0;0
451 NONE 0;32767 0;0
452 NONE -32767;0 0;0
453 NONE 0;-32767 0;0
454 NONE 32767;0 0;0
455 NONE 0;32767 0;0
456 NONE -32767;0 0;0
457 NONE 0;-32767 0;0
458 NONE 32767;0 0;0
459 NONE 0;32767 0;0
460 NONE -32767;0 0;0
461 NONE 32767;0 0;0
462 KEY_A;KEY_L 32767;0 0;0
463 KEY_L 32767;0 0;0
464 KEY_L 0;0 0;0
465 KEY_L 0;0 0;0
466 KEY_L 0;0 0;0
467 KEY_L 0;0 0;0
468 KEY_L 0;0 0;0
469 KEY_A 32767;0 0;0
470 KEY_A 0;32767 0;0
471 KEY_A -32767;0 0;0
472 NONE 32767;0 0;0
473 NONE 0;32767 0;0
474 NONE -32767;0 0;0
475 NONE 0;-32767 0;0
476 NONE 32767;0 0;0
477 NONE 0;32767 0;0
478 NONE -32767;0 0;0
479 NONE 0;-32767 0;0
480 NONE 32767;0 0;0
481 NONE 0;32767 0;0
482 NONE -32767;0 0;0
483 NONE 0;-32765 0;0
484 NONE 15362;28892 0;0
485 NONE 15380;28926 0;0
486 NONE 15380;28926 0;0
487 KEY_A 15382;28930 0;0
488 KEY_ZL 15380;28926 0;0
489 KEY_ZL 15380;28926 0;0
490 KEY_ZL 15380;28926 0;0
491 KEY_ZL 15380;28926 0;0
492 KEY_ZL 15380;28926 0;0
493 KEY_ZL 15380;28926 0;0
494 KEY_ZL;KEY_R;KEY_Y 15380;28926 0;0
495 NONE 15380;28926 0;0
496 NONE -30560;11730 0;0
497 NONE -30560;11730 0;0
498 NONE -30560;11730 0;0
499 NONE -30560;11730 0;0
500 NONE -30560;11730 0;0
501 NONE -30560;11730 0;0
502 NONE -30560;11730 0;0
503 NONE -30560;11730 0;0
504 NONE -30560;11730 0;0
505 NONE -30560;11730 0;0
506 NONE -30560;11730 0;0
507 NONE -30560;11730 0;0
508 NONE -30560;11730 0;0
509 NONE -30560;11730 0;0
510 NONE -30560;11730 0;0
511 NONE -30560;11730 0;0
512 NONE -30560;11730 0;0
513 NONE -30560;11730 0;0
514 NONE -30560;11730 0;0
515 NONE -30560;11730 0;0
516 NONE -30560;11730 0;0
517 NONE -30560;11730 0;0
518 NONE -30560;11730 0;0
519 NONE -30560;11730 0;0
520 NONE -30560;11730 0;0
521 NONE -30560;11730 0;0
522 NONE -30560;11730 0;0
523 NONE -30560;11730 0;0
524 NONE -30560;11730 0;0
525 NONE -30560;11730 0;0
526 NONE -30560;11730 0;0
527 NONE -30560;11730 0;0
528 NONE -30560;11730 0;0
529 NONE -30560;11730 0;0
530 NONE -30560;11730 0;0
531 NONE -30560;11730 0;0
532 NONE -30560;11730 0;0
533 NONE -30560;11730 0;0
534 NONE -30560;11730 0;0
535 NONE -30560;11730 0;0
536 NONE -30560;11730 0;0
537 NONE -30560;11730 0;0
538 NONE -30560;11730 0;0
539 NONE -30560;11730 0;0
540 NONE -30560;11730 0;0
541 NONE -30560;11730 0;0
542 NONE -30560;11730 0;0
543 NONE -30560;11730 0;0
544 NONE -30560;11730 0;0
545 NONE -30560;11730 0;0
546 NONE -30560;11730 0;0
547 NONE -30560;11730 0;0
548 NONE -30560;11730 0;0
549 NONE -30560;11730 0;0
550 NONE -30560;11730 0;0
551 NONE -30560;11730 0;0
552 NONE -30560;11730 0;0
553 NONE -30560;11730 0;0
554 NONE -30560;11730 0;0
555 NONE -30560;11730 0;0
556 NONE -30560;11730 0;0
557 NONE -30560;11730 0;0
558 NONE -30560;11730 0;0
559 NONE -30560;11730 0;0
560 NONE -30560;11730 0;0
561 NONE -30560;11730 0;0
562 NONE -30560;11730 0;0
563 NONE -30560;11730 0;0
564 NONE -30560;11730 0;0
565 NONE -30560;11730 0;0
566 NONE -30560;11730 0;0
567 NONE -30560;11730 0;0
568 NONE -30560;11730 0;0
569 NONE -30560;11730 0;0
570 NONE -30560;11730 0;0
571 NONE -30560;11730 0;0
572 NONE -30560;11730 0;0
573 NONE -30560;11730 0;0
574 NONE -30560;11730 0;0
575 NONE -30560;11730 0;0
576 NONE -30560;11730 0;0
577 NONE -30560;11730 0;0
578 NONE -30560;11730 0;0
579 NONE -30560;11730 0;0
580 NONE -30560;11730 0;0
581 NONE -30560;11730 0;0
582 NONE -30560;11730 0;0
583 NONE -30560;11730 0;0
584 NONE -30560;11730 0;0
585 NONE -30560;11730 0;0
586 NONE -30560;11730 0;0
587 NONE -30560;11730 0;0
588 NONE -30560;11730 0;0
589 NONE -30560;11730 0;0
590 NONE -30560;11730 0;0
591 NONE -30560;11730 0;0
592 NONE -30560;11730 0;0
593 NONE -30560;11730 0;0
594 NONE -30560;11730 0;0
595 NONE -30560;11730 0;0
596 NONE -30560;11730 0;0
597 NONE -30560;11730 0;0
598 NONE -30560;11730 0;0
599 NONE -30560;11730 0;0
600 NONE -30560;11730 0;0
601 NONE -30560;11730 0;0
602 NONE -30560;11730 0;0
603 NONE -30560;11730 0;0
604 NONE -30560;11730 0;0
605 NONE -30560;11730 0;0
606 NONE -30560;11730 0;0
607 NONE -30560;11730 0;0
608 NONE -30560;11730 0;0
609 NONE -30560;11730 0;0
610 NONE -30560;11730 0;0
611 NONE -30560;11730 0;0
612 NONE -30560;11730 0;0
613 NONE -30560;11730 0;0
614 NONE -30560;11730 0;0
615 NONE -30560;11730 0;0
616 NONE -30560;11730 0;0
617 NONE -30560;11730 0;0
618 NONE -30560;11730 0;0
619 NONE -30560;11730 0;0
620 NONE -30560;11730 0;0
621 NONE -30560;11730 0;0
622 NONE -30560;11730 0;0
623 NONE -30560;11730 0;0
624 NONE -30560;11730 0;0
625 NONE -30560;11730 0;0
626 NONE -30560;11730 0;0
627 NONE -30560;11730 0;0
628 NONE -30560;11730 0;0
629 NONE -30560;11730 0;0
630 NONE -30560;11730 0;0
631 NONE -30560;11730 0;0
632 NONE -30560;11730 0;0
633 NONE -30560;11730 0;0
634 NONE -30560;11730 0;0
635 NONE -30560;11730 0;0
636 NONE -30560;11730 0;0
637 NONE -30560;11730 0;0
638 NONE -30560;11730 0;0
639 NONE -30560;11730 0;0
640 NONE -30560;11730 0;0
641 NONE -30560;11730 0;0
642 NONE -30560;11730 0;0
643 NONE -30560;11730 0;0
644 NONE -30560;11730 0;0
645 NONE -30560;11730 0;0
646 NONE -30490;12000 0;32767
647 NONE -30490;12000 0;32767
648 NONE -30490;12000 0;32767
649 NONE -30490;12000 0;32767
650 NONE -30490;12000 0;32767
651 NONE -30490;12000 0;32767
652 NONE -30490;12000 0;32767
653 NONE -30490;12000 0;32767
654 NONE -30490;12000 0;32767
655 NONE -30490;12000 0;32767
656 NONE -30490;12000 0;32767
657 NONE -30490;12000 0;32767
658 NONE -30490;12000 0;0
659 NONE -30490;12000 0;0
660 NONE -30490;12000 0;0
661 NONE -30490;12000 0;0
662 NONE -30490;12000 0;0
663 NONE -30490;12000 0;0
664 NONE -30490;12000 0;0
665 NONE -30490;12000 0;0
666 NONE -30490;12000 0;0
667 NONE -30490;12000 0;0
668 NONE -30490;12000 0;0
669 NONE -30490;12000 0;0
670 NONE -30490;12000 0;0
671 NONE -30490;12000 0;0
672 NONE -30490;12000 0;0
673 NONE -30490;12000 0;0
674 NONE -30490;12000 0;0
675 NONE -30490;12000 0;0
676 NONE -30490;12000 0;0
677 NONE -30490;12000 0;0
678 NONE -30490;12000 0;0
679 NONE -30490;12000 0;0
680 NONE -30490;12000 0;0
681 NONE -30490;12000 0;0
717 KEY_L 0;0 0;0
