1 NONE -32000;0 0;0
2 NONE -32000;0 0;0
3 NONE -32000;0 0;0
4 NONE -32000;0 0;0
5 NONE -32000;0 0;0
6 NONE -32000;0 0;0
7 NONE -32000;0 0;0
8 NONE -32000;0 0;0
9 NONE -32000;0 0;0
10 NONE -32000;0 0;0
11 NONE -32000;0 0;0
12 NONE -32000;0 0;0
13 NONE -32000;0 0;0
14 NONE -32000;0 0;0
15 NONE -32000;0 0;0
16 NONE -32000;0 0;0
17 NONE -32000;0 0;0
18 NONE -32000;0 0;0
19 NONE -32000;0 0;0
20 NONE -32000;0 0;0
21 NONE -32000;0 0;0
22 NONE -32000;0 0;0
23 NONE -32000;0 0;0
24 NONE -32000;0 0;0
25 NONE -32000;0 0;0
26 NONE -32000;0 0;0
27 NONE -32000;0 0;0
28 NONE -32000;0 0;0
29 NONE -32000;0 0;0
30 NONE -32000;0 0;0
31 NONE -32000;0 0;0
32 NONE -32000;0 0;0
33 NONE -32000;0 0;0
34 NONE -32000;0 0;0
35 NONE -32000;0 0;0
36 NONE -32000;0 0;0
37 NONE -32000;0 0;0
38 NONE -32000;0 0;0
39 NONE -32000;0 0;0
40 NONE -32000;0 0;0
41 NONE -32000;0 0;0
42 NONE -32000;0 0;0
43 NONE -32000;0 0;0
44 NONE -32000;0 0;0
45 NONE -32000;0 0;0
46 NONE -32000;0 0;0
47 NONE -32000;0 0;0
48 NONE -32000;0 0;0
49 NONE -32000;0 0;0
50 NONE 0;32000 0;0
51 NONE -28377;-16383 0;0
52 NONE 28377;-16383 0;0
53 NONE 0;32000 0;0
54 NONE -28377;-16383 0;0
55 NONE 28377;-16383 0;0
56 NONE 0;32000 0;0
57 NONE -28377;-16383 0;0
58 NONE 28377;-16383 0;0
59 NONE 0;32000 0;0
60 NONE -28377;-16383 0;0
61 NONE 28377;-16383 0;0
62 NONE 0;32000 0;0
63 NONE -28377;-16383 0;0
64 NONE 28377;-16383 0;0
65 NONE 0;32000 0;0
66 NONE -28377;-16383 0;0
67 NONE 28377;-16383 0;0
68 NONE 0;32000 0;0
69 NONE -28377;-16383 0;0
70 NONE 28377;-16383 0;0
71 NONE 0;32000 0;0
72 NONE -28377;-16383 0;0
73 NONE 28377;-16383 0;0
74 NONE 0;32000 0;0
75 NONE -28377;-16383 0;0
76 NONE 28377;-16383 0;0
77 NONE 0;32000 0;0
78 NONE -28377;-16383 0;0
79 NONE 28377;-16383 0;0
80 NONE 0;32000 0;0
81 NONE -28377;-16383 0;0
82 NONE 28377;-16383 0;0
83 NONE 0;32000 0;0
84 NONE -28377;-16383 0;0
85 NONE 28377;-16383 0;0
86 NONE 0;32000 0;0
87 NONE -28377;-16383 0;0
88 NONE 28377;-16383 0;0
89 NONE 0;32000 0;0
90 NONE -28377;-16383 0;0
91 NONE 28377;-16383 0;0
92 NONE 0;32000 0;0
93 NONE -28377;-16383 0;0
94 NONE 28377;-16383 0;0
95 NONE 0;32000 0;0
96 NONE -28377;-16383 0;0
97 NONE 28377;-16383 0;0
98 NONE 0;32000 0;0
99 NONE -28377;-16383 0;0
100 NONE 28377;-16383 0;0
101 NONE 0;32000 0;0
102 NONE -28377;-16383 0;0
103 NONE 28377;-16383 0;0
104 NONE 0;32000 0;0
105 NONE -28377;-16383 0;0
106 NONE 28377;-16383 0;0
107 NONE 0;32000 0;0
108 NONE -28377;-16383 0;0
109 NONE 28377;-16383 0;0
110 NONE 0;32000 0;0
111 NONE -28377;-16383 0;0
112 NONE 28377;-16383 0;0
113 NONE 0;32000 0;0
114 NONE -28377;-16383 0;0
115 NONE 28377;-16383 0;0
116 NONE 0;32000 0;0
117 NONE -28377;-16383 0;0
118 NONE 28377;-16383 0;0
119 NONE 0;32000 0;0
120 NONE -28377;-16383 0;0
121 NONE 28377;-16383 0;0
122 NONE 0;32000 0;0
123 NONE -28377;-16383 0;0
124 NONE 28377;-16383 0;0
125 NONE 0;32000 0;0
126 NONE -28377;-16383 0;0
127 NONE 28377;-16383 0;0
128 NONE 0;32000 0;0
129 NONE -28377;-16383 0;0
130 NONE 28377;-16383 0;0
131 NONE 0;32000 0;0
132 NONE -28377;-16383 0;0
133 NONE 28377;-16383 0;0
134 NONE 0;32000 0;0
135 NONE -28377;-16383 0;0
136 NONE 28377;-16383 0;0
137 NONE 0;32000 0;0
138 NONE -28377;-16383 0;0
139 NONE 28377;-16383 0;0
140 NONE 0;32000 0;0
141 NONE -28377;-16383 0;0
142 NONE 28377;-16383 0;0
143 NONE 0;32000 0;0
144 NONE -28377;-16383 0;0
145 NONE 28377;-16383 0;0
146 NONE 0;32000 0;0
147 NONE -28377;-16383 0;0
148 NONE 28377;-16383 0;0
149 NONE 0;32000 0;0
150 NONE -28377;-16383 0;0
151 NONE 28377;-16383 0;0
152 NONE 0;32000 0;0
153 NONE -28377;-16383 0;0
154 NONE 28377;-16383 0;0
155 NONE 0;32000 0;0
156 NONE -28377;-16383 0;0
157 NONE 28377;-16383 0;0
158 NONE 0;32000 0;0
159 NONE -28377;-16383 0;0
160 NONE 28377;-16383 0;0
161 NONE 0;32000 0;0
162 NONE -28377;-16383 0;0
163 NONE 28377;-16383 0;0
164 NONE 0;32000 0;0
165 NONE -28377;-16383 0;0
166 NONE 28377;-16383 0;0
167 NONE 0;32000 0;0
168 NONE -28377;-16383 0;0
169 NONE 28377;-16383 0;0
170 NONE 0;32000 0;0
171 NONE -28377;-16383 0;0
172 NONE 28377;-16383 0;0
173 NONE 0;32000 0;0
174 NONE -28377;-16383 0;0
175 NONE 28377;-16383 0;0
176 NONE 0;32000 0;0
177 NONE -28377;-16383 0;0
178 NONE 28377;-16383 0;0
179 NONE 0;32000 0;0
180 NONE -28377;-16383 0;0
181 NONE 28377;-16383 0;0
182 NONE 0;32000 0;0
183 NONE -28377;-16383 0;0
184 NONE 28377;-16383 0;0
185 NONE 0;32000 0;0
186 NONE -28377;-16383 0;0
187 NONE 28377;-16383 0;0
188 NONE 0;32000 0;0
189 NONE -28377;-16383 0;0
190 NONE 28377;-16383 0;0
191 NONE 0;32000 0;0
192 NONE -28377;-16383 0;0
193 NONE 28377;-16383 0;0
194 NONE 0;32000 0;0
195 NONE -28377;-16383 0;0
196 NONE 28377;-16383 0;0
197 NONE 0;32000 0;0
198 NONE -28377;-16383 0;0
199 NONE 28377;-16383 0;0
200 NONE 0;32000 0;0
201 NONE -28377;-16383 0;0
202 NONE 28377;-16383 0;0
203 NONE 0;32000 0;0
204 NONE -28377;-16383 0;0
205 NONE 28377;-16383 0;0
206 NONE 0;32000 0;0
207 NONE -28377;-16383 0;0
208 NONE 28377;-16383 0;0
209 NONE 0;32000 0;0
210 NONE -28377;-16383 0;0
211 NONE 28377;-16383 0;0
212 NONE 0;32000 0;0
213 NONE -28377;-16383 0;0
214 NONE 28377;-16383 0;0
215 NONE 0;32000 0;0
216 NONE -28377;-16383 0;0
217 NONE 28377;-16383 0;0
218 NONE 0;32000 0;0
219 NONE -28377;-16383 0;0
220 NONE 28377;-16383 0;0
221 NONE 0;32000 0;0
222 NONE -28377;-16383 0;0
223 NONE 28377;-16383 0;0
224 NONE 0;32000 0;0
225 NONE -28377;-16383 0;0
226 NONE 28377;-16383 0;0
227 NONE 0;32000 0;0
228 NONE -28377;-16383 0;0
229 NONE 28377;-16383 0;0
230 NONE 0;32000 0;0
231 NONE -28377;-16383 0;0
232 NONE 28377;-16383 0;0
233 NONE 0;32000 0;0
234 NONE -28377;-16383 0;0
235 NONE 28377;-16383 0;0
236 NONE 0;32000 0;0
237 NONE -28377;-16383 0;0
238 NONE 28377;-16383 0;0
239 NONE 0;32000 0;0
240 NONE -28377;-16383 0;0
241 NONE 28377;-16383 0;0
242 NONE 0;32000 0;0
243 NONE -28377;-16383 0;0
244 NONE 28377;-16383 0;0
245 NONE 0;32000 0;0
246 NONE -28377;-16383 0;0
247 NONE 28377;-16383 0;0
248 NONE 0;32000 0;0
249 NONE -28377;-16383 0;0
250 NONE 28377;-16383 0;0
251 NONE 0;32000 0;0
252 NONE -28377;-16383 0;0
253 NONE 28377;-16383 0;0
254 NONE 0;32000 0;0
255 NONE -28377;-16383 0;0
256 NONE 28377;-16383 0;0
257 NONE 0;32000 0;0
258 NONE -28377;-16383 0;0
259 NONE 28377;-16383 0;0
260 NONE 0;32000 0;0
261 NONE -28377;-16383 0;0
262 NONE 28377;-16383 0;0
263 NONE 28930;15382 0;0
264 KEY_B 28930;15382 0;0
265 KEY_ZL 28930;15382 0;0
266 KEY_ZL 28930;15382 0;0
267 KEY_ZL 28930;15382 0;0
268 KEY_ZL 28930;15382 0;0
269 KEY_ZL 28930;15382 0;0
270 KEY_ZL 28930;15382 0;0
271 KEY_ZL 28930;15382 0;0
272 KEY_Y;KEY_ZL 0;0 0;0
274 KEY_B;KEY_L 0;0 0;0
276 KEY_L 0;0 0;0
278 KEY_L 0;0 0;0
280 KEY_L 0;0 0;0
282 KEY_L 0;0 0;0
284 KEY_L 0;0 0;0
286 KEY_L 0;0 0;0
288 KEY_L 0;0 0;0
290 KEY_L 0;0 0;0
292 KEY_L 0;0 0;0
294 KEY_L 0;0 0;0
296 KEY_L 0;0 0;0
298 KEY_L 0;0 0;0
300 KEY_L 0;0 0;0
302 KEY_L 0;0 0;0
304 KEY_L 0;0 0;0
306 KEY_L 0;0 0;0
308 KEY_A 0;0 0;0
309 KEY_B 0;0 0;0
310 KEY_A 0;0 0;0
311 KEY_B 0;0 0;0
312 KEY_A 0;0 0;0
313 KEY_B 0;0 0;0
314 KEY_A 0;0 0;0
315 KEY_B 0;0 0;0
316 KEY_A 0;0 0;0
317 KEY_B 0;0 0;0
318 KEY_A 0;0 0;0
319 KEY_B 0;0 0;0
320 KEY_A 0;0 0;0
321 KEY_B 0;0 0;0
322 KEY_A 0;0 0;0
323 KEY_B 0;0 0;0
324 KEY_A 0;0 0;0
325 KEY_B 0;0 0;0
326 KEY_A 0;0 0;0
327 KEY_B 0;0 0;0
328 KEY_A 0;0 0;0
329 KEY_B 0;0 0;0
330 KEY_A 0;0 0;0
331 KEY_B 0;0 0;0
332 KEY_A 0;0 0;0
333 KEY_B 0;0 0;0
334 KEY_A 0;0 0;0
335 KEY_B 0;0 0;0
336 KEY_A 0;0 0;0
337 KEY_B 0;0 0;0
338 KEY_A 0;0 0;0
339 KEY_B 0;0 0;0
340 KEY_A 0;0 0;0
341 KEY_B 0;0 0;0
342 KEY_A 0;0 0;0
343 KEY_B 0;0 0;0
344 KEY_A 0;0 0;0
345 KEY_B 0;0 0;0
346 KEY_A 0;0 0;0
347 KEY_B 0;0 0;0
348 KEY_A 0;0 0;0
349 KEY_B 0;0 0;0
350 KEY_A 0;0 0;0
351 KEY_B 0;0 0;0
352 KEY_A 0;0 0;0
353 KEY_B 0;0 0;0
354 KEY_A 0;0 0;0
355 KEY_B 0;0 0;0
356 KEY_A 0;0 0;0
357 KEY_B 0;0 0;0
358 KEY_A 0;0 0;0
359 KEY_B 0;0 0;0
360 KEY_A 0;0 0;0
361 KEY_B 0;0 0;0
362 KEY_A 0;0 0;0
363 KEY_B 0;0 0;0
364 KEY_A 0;0 0;0
365 KEY_B 0;0 0;0
366 KEY_A 0;0 0;0
367 KEY_B 0;0 0;0
368 KEY_A 0;0 0;0
369 KEY_B 0;0 0;0
370 KEY_A 0;0 0;0
371 KEY_B 0;0 0;0
372 KEY_A 0;0 0;0
373 KEY_B 0;0 0;0
374 KEY_A 0;0 0;0
375 KEY_B 0;0 0;0
376 KEY_A 0;0 0;0
377 KEY_B 0;0 0;0
378 KEY_A 0;0 0;0
379 KEY_B 0;0 0;0
380 KEY_A 0;0 0;0
381 KEY_B 0;0 0;0
382 KEY_A 0;0 0;0
383 KEY_B 0;0 0;0
384 KEY_A 0;0 0;0
385 KEY_B 0;0 0;0
386 KEY_A 0;0 0;0
387 KEY_B 0;0 0;0
388 KEY_A 0;0 0;0
389 KEY_B 0;0 0;0
390 KEY_A 0;0 0;0
391 KEY_B 0;0 0;0
392 KEY_A 0;0 0;0
393 KEY_B 0;0 0;0
394 KEY_A 0;0 0;0
395 KEY_B 0;0 0;0
396 KEY_A 0;0 0;0
397 KEY_B 0;0 0;0
398 KEY_A 0;0 0;0
399 KEY_B 0;0 0;0
400 KEY_A 0;0 0;0
401 KEY_B 0;0 0;0
402 KEY_A 0;0 0;0
403 KEY_B 0;0 0;0
404 KEY_A 0;0 0;0
405 KEY_B 0;0 0;0
406 KEY_A 0;0 0;0
407 KEY_B 0;0 0;0
408 KEY_A 0;0 0;0
409 KEY_B 0;0 0;0
410 KEY_A 0;0 0;0
412 KEY_A 0;0 0;0
414 KEY_A 0;0 0;0
416 KEY_A 0;0 0;0
418 KEY_A 0;0 0;0
420 KEY_A 0;0 0;0
422 KEY_A 0;0 0;0
424 KEY_A 0;0 0;0
426 KEY_A 0;0 0;0
428 KEY_A 0;0 0;0
430 KEY_A 0;0 0;0
432 KEY_A 0;0 0;0
433 KEY_B 0;0 0;0
434 KEY_A 0;0 0;0
435 KEY_B 0;0 0;0
436 KEY_A 0;0 0;0
437 KEY_B 0;0 0;0
438 KEY_A 0;0 0;0
439 KEY_B 0;0 0;0
440 KEY_A 0;0 0;0
441 KEY_B 0;0 0;0
442 KEY_A 0;0 0;0
443 KEY_B 0;0 0;0
444 KEY_A 0;0 0;0
445 KEY_B 0;0 0;0
446 KEY_A 0;0 0;0
447 KEY_B 0;0 0;0
448 KEY_A 0;0 0;0
449 KEY_B 0;0 0;0
450 KEY_A 0;0 0;0
451 KEY_B 0;0 0;0
452 KEY_A 0;0 0;0
453 KEY_B 0;0 0;0
454 KEY_A 0;0 0;0
455 KEY_B 0;0 0;0
456 KEY_A 0;0 0;0
457 KEY_B 0;0 0;0
458 KEY_A 0;0 0;0
459 KEY_B 0;0 0;0
460 KEY_A 0;0 0;0
461 KEY_B 0;0 0;0
462 KEY_A 0;0 0;0
463 KEY_B 0;0 0;0
464 KEY_A 0;0 0;0
465 KEY_B 0;0 0;0
466 KEY_A 0;0 0;0
467 KEY_B 0;0 0;0
468 KEY_A 0;0 0;0
469 KEY_B 0;0 0;0
470 KEY_A 0;0 0;0
471 KEY_B 0;0 0;0
472 KEY_A 0;0 0;0
473 KEY_B 0;0 0;0
474 KEY_A 0;0 0;0
475 KEY_B 0;0 0;0
476 KEY_A 0;0 0;0
477 KEY_B 0;0 0;0
478 KEY_A 0;0 0;0
479 KEY_B 0;0 0;0
480 KEY_A 0;0 0;0
481 KEY_B 0;0 0;0
482 KEY_A 0;0 0;0
483 KEY_B 0;0 0;0
484 KEY_A 0;0 0;0
485 KEY_B 0;0 0;0
486 KEY_A 0;0 0;0
487 KEY_B 0;0 0;0
488 KEY_A 0;0 0;0
489 KEY_B 0;0 0;0
490 KEY_A 0;0 0;0
491 KEY_B 0;0 0;0
492 KEY_A 0;0 0;0
493 KEY_B 0;0 0;0
494 KEY_A 0;0 0;0
495 KEY_B 0;0 0;0
496 KEY_A 0;0 0;0
497 KEY_B 0;0 0;0
498 KEY_A 0;0 0;0
499 KEY_B 0;0 0;0
500 KEY_A 0;0 0;0
501 KEY_B 0;0 0;0
502 KEY_A 0;0 0;0
503 KEY_B 0;0 0;0
504 KEY_A 0;0 0;0
505 KEY_B 0;0 0;0
506 KEY_A 0;0 0;0
507 KEY_B 0;0 0;0
508 KEY_A 0;0 0;0
509 KEY_B 0;32000 0;0
510 KEY_A -28377;-16383 0;0
511 KEY_B 28377;-16383 0;0
512 KEY_A 0;32000 0;0
513 KEY_B -28377;-16383 0;0
514 KEY_A 28377;-16383 0;0
515 KEY_B 0;32000 0;0
516 NONE -28377;-16383 0;0
517 NONE 28377;-16383 0;0
518 NONE 0;32000 0;0
519 NONE -28377;-16383 0;0
520 NONE 28377;-16383 0;0
521 NONE 0;32000 0;0
522 NONE -28377;-16383 0;0
523 NONE 28377;-16383 0;0
524 NONE 0;32000 0;0
525 NONE -28377;-16383 0;0
526 NONE 28377;-16383 0;0
527 NONE 0;32000 0;0
528 NONE -28377;-16383 0;0
529 NONE 28377;-16383 0;0
530 NONE 0;32000 0;0
531 NONE -28377;-16383 0;0
532 NONE 28377;-16383 0;0
533 NONE 0;32000 0;0
534 NONE -28377;-16383 0;0
535 NONE 28377;-16383 0;0
536 NONE 0;32000 0;0
537 NONE -28377;-16383 0;0
538 NONE 28377;-16383 0;0
539 NONE 0;32000 0;0
540 NONE -28377;-16383 0;0
541 NONE 28377;-16383 0;0
542 NONE 0;32000 0;0
543 NONE -28377;-16383 0;0
544 NONE 28377;-16383 0;0
545 NONE 0;32000 0;0
546 NONE -28377;-16383 0;0
547 NONE 28377;-16383 0;0
548 NONE 0;32000 0;0
549 NONE -28377;-16383 0;0
550 NONE 28377;-16383 0;0
551 NONE 0;32000 0;0
552 NONE -28377;-16383 0;0
553 NONE 28377;-16383 0;0
554 NONE 0;32000 0;0
555 NONE -28377;-16383 0;0
556 NONE 28377;-16383 0;0
557 NONE 0;32000 0;0
558 NONE -28377;-16383 0;0
559 NONE 28377;-16383 0;0
560 NONE 0;32000 0;0
561 NONE -28377;-16383 0;0
562 NONE 28377;-16383 0;0
563 NONE -25667;19341 0;0
564 KEY_B -25667;19341 0;0
565 KEY_ZL -25667;19341 0;0
566 KEY_ZL -25667;19341 0;0
567 KEY_ZL -25667;19341 0;0
568 KEY_ZL -25667;19341 0;0
569 KEY_ZL -25667;19341 0;0
570 KEY_ZL -25667;19341 0;0
571 KEY_ZL -25667;19341 0;0
572 KEY_Y;KEY_ZL -25667;19341 0;0
575 KEY_B;KEY_DRIGHT 0;0 0;0
576 KEY_DRIGHT 0;0 0;0
577 KEY_DRIGHT 0;0 0;0
578 KEY_DRIGHT 0;0 0;0
579 KEY_DRIGHT 0;0 0;0
580 KEY_DRIGHT 0;0 0;0
581 KEY_DRIGHT 0;0 0;0
582 KEY_DRIGHT 0;0 0;0
583 KEY_DRIGHT 0;0 0;0
584 KEY_DRIGHT 0;0 0;0
585 NONE 13447;28838 0;0
586 NONE 13447;28838 0;0
587 NONE 13447;28838 0;0
588 NONE 13447;28838 0;0
589 NONE 13447;28838 0;0
590 NONE 13447;28838 0;0
591 NONE 13447;28838 0;0
592 NONE 13447;28838 0;0
593 NONE 13447;28838 0;0
594 NONE 13447;28838 0;0
595 NONE 13447;28838 0;0
596 NONE 13447;28838 0;0
597 NONE 13447;28838 0;0
598 NONE 25808;17408 0;0
599 NONE 25808;17408 0;0
600 NONE 32000;0 0;0
601 NONE 32000;0 0;0
602 NONE 32000;0 0;0
603 NONE 32000;0 0;0
604 NONE 32000;0 0;0
605 NONE 32000;0 0;0
606 NONE 32000;0 0;0
607 NONE 32000;0 0;0
608 NONE 32000;0 0;0
609 NONE 32000;0 0;0
610 NONE 32000;0 0;0
611 NONE 32000;0 0;0
612 NONE 32000;0 0;0
613 NONE 32000;0 0;0
614 NONE 32000;0 0;0
615 NONE 32000;0 0;0
616 NONE 32000;0 0;0
617 NONE 32000;0 0;0
618 NONE 32000;0 0;0
619 NONE 32000;0 0;0
620 NONE 32000;0 0;0
621 NONE 32000;0 0;0
622 NONE 32000;0 0;0
623 NONE -29195;-14875 0;0
624 NONE -29195;-14875 0;0
625 NONE -29195;-14875 0;0
626 NONE -29195;-14875 0;0
627 NONE -29195;-14875 0;0
628 NONE -29195;-14875 0;0
629 NONE -29195;-14875 0;0
630 NONE -29195;-14875 0;0
631 NONE -29195;-14875 0;0
632 NONE -29195;-14875 0;0
633 NONE -29195;-14875 0;0
634 NONE -29195;-14875 0;0
635 NONE -29195;-14875 0;0
636 NONE -29195;-14875 0;0
637 NONE -29195;-14875 0;0
638 NONE -29195;-14875 0;0
639 NONE -29195;-14875 0;0
640 NONE -29195;-14875 0;0
641 NONE -29195;-14875 0;0
642 NONE -29195;-14875 0;0
643 NONE -29195;-14875 0;0
644 NONE -29195;-14875 0;0
645 NONE -29195;-14875 0;0
646 NONE -29195;-14875 0;0
647 NONE -29195;-14875 0;0
648 NONE -29195;-14875 0;0
649 NONE -29195;-14875 0;0
650 NONE -29195;-14875 0;0
651 NONE -29195;-14875 0;0
652 NONE -29195;-14875 0;0
653 NONE -29195;-14875 0;0
654 NONE -29195;-14875 0;0
655 NONE -29195;-14875 0;0
656 NONE -29195;-14875 0;0
657 NONE -29195;-14875 0;0
658 NONE -29195;-14875 0;0
659 NONE -29195;-14875 0;0
660 NONE -29195;-14875 0;0
661 NONE -29195;-14875 0;0
662 NONE -29195;-14875 0;0
663 NONE -29195;-14875 0;0
664 NONE -29195;-14875 0;0
665 NONE -29195;-14875 0;0
666 NONE -29195;-14875 0;0
667 NONE -29195;-14875 0;0
668 NONE -29195;-14875 0;0
669 NONE -29195;-14875 0;0
670 NONE -29195;-14875 0;0
671 NONE -29195;-14875 0;0
751 KEY_A 0;0 0;0
752 KEY_B 0;0 0;0
753 KEY_A 0;0 0;0
754 KEY_B 0;0 0;0
755 KEY_A 0;0 0;0
756 KEY_B 0;0 0;0
757 KEY_A 0;0 0;0
758 KEY_B 0;0 0;0
759 KEY_A 0;0 0;0
760 KEY_B 0;0 0;0
761 KEY_A 0;0 0;0
762 KEY_B 0;0 0;0
763 KEY_A 0;0 0;0
764 KEY_B 0;0 0;0
765 KEY_A 0;0 0;0
766 KEY_B 0;0 0;0
767 KEY_A 0;0 0;0
768 KEY_B 0;0 0;0
769 KEY_A 0;0 0;0
770 KEY_B 0;0 0;0
771 KEY_A 0;0 0;0
772 KEY_B 0;0 0;0
773 KEY_A 0;0 0;0
774 KEY_B 0;0 0;0
775 KEY_A 0;0 0;0
776 KEY_B 0;0 0;0
777 KEY_A 0;0 0;0
778 KEY_B 0;0 0;0
779 KEY_A 0;0 0;0
780 KEY_B 0;0 0;0
781 KEY_A 0;0 0;0
782 KEY_B 0;0 0;0
783 KEY_A 0;0 0;0
784 KEY_B 0;0 0;0
785 KEY_A 0;0 0;0
786 KEY_B 0;0 0;0
787 KEY_A 0;0 0;0
788 KEY_B 0;0 0;0
789 KEY_A 0;0 0;0
790 KEY_B 0;0 0;0
791 KEY_A 0;0 0;0
792 KEY_B 0;0 0;0
793 KEY_A 0;0 0;0
794 KEY_B 0;0 0;0
795 KEY_A 0;0 0;0
796 KEY_B 0;0 0;0
797 KEY_A 0;0 0;0
798 KEY_B 0;0 0;0
799 KEY_A 0;0 0;0
800 KEY_B 0;0 0;0
801 KEY_A 0;0 0;0
802 KEY_B 0;0 0;0
803 KEY_A 0;0 0;0
804 KEY_B 0;0 0;0
805 KEY_A 0;0 0;0
806 KEY_B 0;0 0;0
807 KEY_A 0;0 0;0
808 KEY_B 0;0 0;0
809 KEY_A 0;0 0;0
810 KEY_B 0;0 0;0
811 KEY_A 0;0 0;0
812 KEY_B 0;0 0;0
813 KEY_A 0;0 0;0
814 KEY_B 0;0 0;0
815 KEY_A 0;0 0;0
816 KEY_B 0;0 0;0
817 KEY_A 0;0 0;0
818 KEY_B 0;0 0;0
819 KEY_A 0;0 0;0
820 KEY_B 0;0 0;0
821 KEY_A 0;0 0;0
822 KEY_B 0;0 0;0
823 KEY_A 0;0 0;0
824 KEY_B 0;0 0;0
825 KEY_A 0;0 0;0
826 KEY_B 0;0 0;0
827 KEY_A 0;0 0;0
828 KEY_B 0;0 0;0
829 KEY_A 0;0 0;0
830 KEY_B 0;0 0;0
831 KEY_A 0;0 0;0
832 KEY_B 0;0 0;0
833 KEY_A 0;0 0;0
834 KEY_B 0;0 0;0
835 KEY_A 0;0 0;0
836 KEY_B 0;0 0;0
837 KEY_A 0;0 0;0
838 KEY_B 0;0 0;0
839 KEY_A 0;0 0;0
840 KEY_B 0;0 0;0
841 KEY_A 0;0 0;0
842 KEY_B 0;0 0;0
843 KEY_A 0;0 0;0
844 KEY_B 0;0 0;0
845 KEY_A 0;0 0;0
846 KEY_B 0;0 0;0
847 KEY_A 0;0 0;0
